100 75 100
1 45 12 I
0 65 41 10 41
1 11 35 V
0 6 43 77 43
0 70 15 70 21
0 2 28 2 21
1 17 47 P
0 61 0 61 74
0 9 14 76 14
0 46 68 83 68
0 13 42 13 13
1 89 33 X
0 55 50 55 2
0 88 42 57 42
0 6 31 24 31
0 23 12 23 18
1 90 52 W
0 44 18 44 45
0 37 49 37 15
0 21 60 21 16
0 12 59 12 74
1 31 12 Q
0 64 37 64 2
0 31 57 31 33
1 51 6 Z
0 7 47 7 41
0 11 37 11 33
0 85 50 85 69
1 38 5 K
0 31 60 31 65
0 25 2 84 2
0 2 70 50 70
0 18 36 18 1
1 13 71 F
0 84 40 84 66
0 7 31 7 73
1 54 59 W
0 51 62 51 72
0 7 29 7 30
0 37 17 37 13
1 51 12 H
0 72 10 72 71
0 29 2 0 2
0 60 22 60 26
0 70 68 70 67
1 24 17 C
0 96 0 46 0
0 10 22 77 22
0 53 61 53 20
0 48 63 48 26
0 3 20 3 53
1 84 5 S
1 18 53 S
0 80 73 48 73
0 77 9 13 9
0 98 53 49 53
1 37 53 M
0 2 54 76 54
0 68 24 68 53
0 92 70 59 70
0 98 24 98 54
1 15 63 R
1 44 68 A
1 16 7 S
0 25 33 25 51
0 27 46 27 30
0 91 35 90 35
0 76 55 76 60
0 46 2 74 2
0 49 15 49 52
0 33 70 45 70
0 11 28 11 60
1 35 19 T
0 85 18 97 18
0 63 44 63 48
0 88 32 77 32
0 28 41 43 41
0 60 59 60 62
0 24 34 25 34
0 88 12 88 35
1 65 60 Z
1 79 24 H
0 86 10 27 10
1 90 51 A
1 99 36 X
1 54 31 R
0 94 56 94 40
0 17 56 17 8
1 22 24 I
0 29 16 29 72
0 2 46 70 46
0 76 23 98 23
1 79 49 N
1 69 56 W
1 32 60 N
0 73 62 73 68
0 83 15 83 29
0 15 0 15 56
0 59 29 59 35
0 27 43 22 43