6
-1
6
6
-1
-1
6
6
5
-1
-1
5
-1
5
6
5
6
6
6
6
6
6
-1
6
-1
6
8
6
6
6
-1
6
6
-1
6
3
10
6
6
6
5
-1
6
-1
-1
5
6
-1
6
6
13
6
5
-1
5
4
2
6
6
6
6
5
5
-1
-1
6
6
5
5
6
6
-1
4
6
6
5
-1
6
6
-1
6
6
5
6
6
6
-1
6
6
6
3
-1
-1
12
6
6
-1
5
6
6
6
5
6
6
8
-1
6
-1
-1
6
-1
5
-1
-1
6
6
2
10
6
5
6
11
-1
6
4
-1
6
10
-1
5
5
6
6
6
6
6
-1
5
-1
-1
-1
-1
6
5
6
6
-1
5
-1
6
-1
9
6
6
6
6
6
-1
-1
-1
11
6
-1
5
6
-1
6
11
6
6
6
6
-1
6
6
6
6
6
6
5
6
6
-1
-1
-1
6
6
5
9
6
6
6
-1
6
-1
5
6
6
-1
-1
6
12
6
5
5
6
6
6
-1
6
5
5
-1
10
6
5
9
6
5
6
6
4
6
-1
-1
6
-1
-1
-1
6
6
6
11
6
6
-1
6
6
6
6
6
6
6
6
6
6
6
-1
5
8
5
-1
6
-1
12
8
-1
6
-1
4
6
-1
6
6
6
6
5
-1
-1
6
6
5
6
5
5
6
-1
9
6
-1
5
3
-1
6
-1
6
12
6
6
5
6
5
6
6
-1
6
6
6
5
4
6
6
5
6
5
5
6
6
-1
6
6
10
12
5
5
6
-1
-1
-1
-1
9
5
6
5
5
6
-1
6
6
-1
5
5
-1
6
6
6
6
5
6
5
6
6
6
5
6
-1
6
6
6
6
4
6
5
5
6
-1
-1
5
6
5
6
6
6
6
-1
-1
5
-1
5
6
-1
4
6
6
6
10
-1
4
6
5
6
5
6
6
-1
8
-1
10
-1
-1
6
6
6
6
6
6
-1
6
-1
9
6
6
3
11
-1
-1
6
6
11
-1
5
-1
6
6
6
4
6
-1
-1
-1
6
4
6
-1
5
6
6
6
6
6
6
13
6
-1
5
6
6
-1
6
-1
5
6
6
-1
5
6
-1
-1
-1
5
5
6
-1
5
5
4
6
-1
6
-1
5
5
6
6
12
6
6
6
-1
6
6
3
6
6
6
6
6
-1
4
6
6
5
6
-1
-1
6
5
6
6
5
4
-1
6
-1
6
-1
-1
6
5
6