
3
2351
2351 3
5
5 3
5 2351
5 2351 3
214
214 3
214 2351
214 2351 3
214 5
214 5 3
214 5 2351
214 5 2351 3
15
15 3
15 2351
15 2351 3
15 5
15 5 3
15 5 2351
15 5 2351 3
15 214
15 214 3
15 214 2351
15 214 2351 3
15 214 5
15 214 5 3
15 214 5 2351
15 214 5 2351 3
12
12 3
12 2351
12 2351 3
12 5
12 5 3
12 5 2351
12 5 2351 3
12 214
12 214 3
12 214 2351
12 214 2351 3
12 214 5
12 214 5 3
12 214 5 2351
12 214 5 2351 3
12 15
12 15 3
12 15 2351
12 15 2351 3
12 15 5
12 15 5 3
12 15 5 2351
12 15 5 2351 3
12 15 214
12 15 214 3
12 15 214 2351
12 15 214 2351 3
12 15 214 5
12 15 214 5 3
12 15 214 5 2351
12 15 214 5 2351 3
